11
21
32
39
45
57
69
76
87
93
100
106
110
114
129
137
141
154
162
168
183
194
197
204
210
220
226
236
251
259
264
268
274
286
297
305
308
315
323
334
342
348
354
364
373
380
384
391
401
406
414
428
437
440
450
458
466
472
477
485
493
500
508
519
526
539
548
553
564
572
578
586
596
607
622
628
637
652
660
662
681
689
695
700
706
713
721
728
734
737
748
757
770
776
778
790
799
807
815
820
817
816
811
813
820
815
809
814
810
810
810
809
810
811
807
806
814
806
806
808
804
806
811
808
811
808
810
806
802
803
805
807
812
809
809
811
818
822
824
819
817
815
820
815
817
822
827
829
822
826
828
820
821
827
830
828
825
826
831
833
829
834
833
825
824
821
818
825
824
819
824
825
821
820
817
825
825
822
824
834
823
828
825
827
832
834
836
838
841
844
842
842
838
838
839
833
832
837
839
842
838
840
842
841
838
841
842
840
844
845
842
850
851
848
844
847
843
844
840
838
835
828
829
831
827
827
831
833
832
834
836
836
827
831
827
824
820
820
819
825
829
833
834
834
829
824
827
824
830
828
830
831
830
834
827
831
830
831
827
824
827
824
826
828
830
829
826
819
817
821
817
817
817
812
808
801
801
802
794
793
789
784
787
784
778
775
769
770
775
781
785
786
788
789
795
795
795
787
781
778
778
770
771
770
771
765
767
764
758
761
763
762
764
770
773
769
773
772
774
783
783
788
791
797
802
799
796
798
795
793
794
795
801
796
800
801
801
796
794
790
788
787
781
785
786
782
775
779
779
776
768
767
765
763
766
763
761
767
768
767
772
767
767
768
762
763
768
770
774
772
772
768
780
784
786
787
780
777
787
788
792
793
795
798
803
806
810
810
805
799
792
789
783
782
785
788
788
786
795
795
796
794
792
789
789
793
791
789
795
795
801
801
802
797
797
797
792
792
789
785
785
785
780
771
777
781
779
782
782
785
785
790
791
792
791
793
795
794
794
796
799
797
799
800
804
809
810
806
803
805
808
804
809
807
807
815
824
817
826
827
828
834
832
838
847
843
844
842
838
843
843
849
840
837
832
834
841
841
836
830
837
836
837
842
840
837
837
833
840
839
838
841
845
846
840
845
848
851
844
846
850
858
854
855
851
850
854
861
858
863
867
858
851
854
849
845
848
856
867
862
859
859
859
859
857
857
858
855
854
851
848
845
841
842
841
841
839
843
849
849
846
849
846
843
844
846
844
841
839
843
847
854
848
847
850
841
839
836
829
828
823
824
825
818
816
820
815
821
820
816
819
815
813
814
818
811
812
810
814
813
801
799
794
788
796
803
804
807
797
802
804
805
805
803
801
794
789
790
788
788
788
785
789
795
790
793
796
795
792
782
775
777
786
790
794
803
796
789
791
787
789
788
786
791
785
783
786
781
783
783
788
784
790
783
780
783
783
781
775
770
766
774
778
782
774
777
782
785
788
787
786
787
788
788
782
783
779
789
786
787
783
782
784
788
786
786
788
786
787
784
779
779
785
787
788
792
787
793
795
801
808
809
808
809
805
799
800
795
795
789
789
791
791
792
796
796
802
802
807
806
805
810
818
815
817
814
810
807
816
815
815
819
813
808
802
799
804
804
791
796
796
797
802
803
802
802
797
801
802
799
801
803
793
795
793
791
797
798
795
797
803
790
791
786
788
782
780
783
787
791
789
788
785
781
780
780
782
771
773
772
779
771
775
775
772
774
776
776
778
778
784
783
775
777
773
780
783
773
768
765
759
755
760
760
760
756
759
763
765
779
780
773
773
780
782
784
782
783
778
779
778
776
767
765
770
772
769
766
760
767
771
769
769
770
782
788
789
792
798
799
797
794
793
788
787
785
784
785
785
787
782
783
789
794
794
787
787
785
785
781
778
786
782
781
781
782
780
776
774
768
764
764
770
770
774
774
774
785
779
783
776
781
772
775
780
773
776
773
769
776
769
772
779
775
779
774
774
777
782
784
789
792
793
795
789
788
785
785
784
771
774
780
782
778
777
781
783
783
792
790
791
789
794
789
786
783
782
788
785
783
777
778
779
777
768
763
764
765
768
765
766
763
763
766
766
768
767
766
769
771
766
768
767
762
762
766
761
760
762
766
772
766
766
765
765
767
769
771
768
769
772
770
769
771
768
768
765
758
764
762
766
765
772
769
766
775
771
774
781
783
785
784
777
779
775
772
776
778
774
771
770
770
769
767
768
772
769
771
771
778
774
770
764
764
761
757
750
750
744
747
