77
156
227
307
398
480
546
638
717
803
811
809
811
807
803
799
812
820
815
803
784
790
803
817
821
800
798
777
763
786
819
824
819
813
795
821
826
844
876
858
836
828
841
837
843
843
840
844
822
835
838
839
820
811
814
809
818
785
802
778
783
777
771
767
761
756
759
771
774
797
782
785
792
808
809
823
813
807
796
786
792
814
814
811
829
828
843
848
843
836
826
809
811
804
781
780
757
754
760
757
766
761
747
755
750
762
767
785
804
806
806
826
850
868
894
877
895
888
864
870
884
874
871
844
827
815
800
795
793
796
779
763
745
761
782
784
784
779
798
794
807
811
828
814
796
805
812
803
794
806
812
806
804
821
819
805
796
800
782
761
738
759
772
754
767
780
777
784
798
807
821
802
795
805
781
785
791
793
805
810
805
801
797
790
804
812
797
786
790
788
774
774
766
765
758
751
762
781
765
761
777
781
797
809
816
823
826
819
814
823
820
817
800
801
796
793
807
809
822
807
803
812
814
811
812
814
791
771
764
781
779
790
794
786
800
785
787
808
816
809
822
813
819
822
820
828
826
830
812
800
785
778
769
769
758
759
776
763
773
780
787
791
797
799
815
818
824
830
836
836
831
831
830
830
803
804
781
758
745
745
753
741
743
760
762
757
753
771
766
775
773
787
768
744
759
762
794
792
796
780
782
772
777
779
790
779
752
737
767
780
774
794
801
813
799
820
826
837
803
809
820
814
826
818
822
814
814
837
848
843
833
812
815
812
824
807
813
802
804
798
797
809
805
800
788
812
818
820
825
823
827
840
835
856
871
874
870
867
863
882
874
861
856
853
830
799
787
780
778
769
778
795
800
783
774
790
796
809
805
811
808
789
788
793
792
797
790
798
800
782
795
800
803
810
817
818
815
802
804
820
824
827
824
805
828
805
803
792
801
803
799
797
804
821
798
823
842
846
838
812
821
823
804
793
811
794
796
791
803
828
813
811
805
805
796
790
776
788
775
773
777
786
791
795
782
795
806
810
813
801
803
801
813
820
832
843
839
842
850
843
830
814
803
816
834
820
813
808
810
824
823
821
827
807
780
783
786
791
788
788
788
806
811
821
840
858
853
831
825
811
819
806
809
792
792
773
749
778
774
788
783
791
774
795
776
776
800
780
765
779
796
791
796
803
830
836
852
866
875
861
854
866
862
833
819
815
793
788
790
790
780
770
764
764
764
754
763
758
757
747
746
748
757
758
754
755
767
766
758
762
777
774
798
810
809
805
783
787
790
783
802
802
786
789
781
803
819
811
816
839
808
817
816
825
837
830
825
836
837
816
807
788
788
794
793
815
815
805
802
806
790
810
836
813
794
764
767
770
776
787
821
821
809
823
832
849
850
852
848
861
859
854
845
843
857
851
847
852
868
853
847
845
850
842
823
808
808
801
779
767
769
766
763
768
777
787
793
791
815
831
848
840
856
836
843
847
856
857
834
826
812
821
790
805
801
796
802
813
816
822
818
806
810
809
819
806
796
795
810
778
782
783
785
791
793
792
785
788
784
801
806
828
821
803
788
787
796
770
762
765
763
762
769
777
776
792
784
786
795
788
780
766
778
793
795
801
795
818
809
815
810
837
812
808
812
804
800
796
803
810
825
809
837
822
820
828
847
849
831
829
824
802
788
800
803
803
790
766
793
807
806
817
825
821
825
827
838
858
850
848
851
858
855
840
841
826
814
814
807
799
793
795
799
805
799
813
821
814
823
831
829
837
822
818
817
814
803
791
780
781
792
801
809
839
837
827
847
862
859
847
841
823
802
793
785
779
769
779
790
794
800
789
823
797
784
791
787
775
794
803
798
800
786
805
836
824
838
837
808
780
777
803
808
802
789
803
790
794
800
818
819
807
801
800
805
815
825
821
825
823
810
803
804
824
814
784
773
778
780
783
780
775
766
753
775
790
785
781
780
776
781
796
805
808
785
792
783
805
807
805
819
825
827
809
824
817
844
807
820
827
823
805
811
815
799
799
772
776
749
751
750
753
755
759
773
787
800
815
812
806
813
821
806
798
794
783
771
764
773
753
735
724
744
755
776
788
801
808
814
831
827
828
812
839
824
802
798
786
763
760
783
809
811
788
781
787
782
806
826
852
845
813
816
826
826
838
826
825
815
785
767
774
764
758
759
759
777
760
765
770
788
801
813
795
807
809
799
815
825
839
830
816
830
834
818
830
845
832
830
811
813
827
808
815
830
814
804
812
816
832
845
822
824
822
800
805
818
802
789
788
