11
14
17
23
29
34
35
39
43
47
53
61
64
67
70
73
78
84
87
88
91
92
97
100
102
107
111
115
118
123
128
132
135
140
142
148
150
152
155
162
165
166
169
173
178
184
190
193
197
200
207
209
213
216
222
224
227
232
232
238
241
242
246
250
253
253
258
263
266
267
269
272
276
280
285
288
294
295
299
304
306
307
309
314
318
324
327
327
333
339
342
347
354
359
365
371
374
376
379
386
389
394
398
405
410
415
417
418
420
424
431
435
437
441
446
450
455
457
459
464
466
470
475
481
484
486
488
494
497
503
504
510
516
520
525
528
532
537
540
543
548
549
550
552
554
559
561
566
571
572
579
586
587
593
596
597
597
599
606
608
615
618
621
624
625
630
634
640
644
647
653
657
660
663
665
668
674
680
688
694
697
697
705
709
714
718
724
728
733
737
739
742
752
758
761
764
772
777
780
785
776
778
778
778
774
771
772
770
771
769
764
762
764
766
765
766
763
761
760
760
759
766
765
769
771
772
770
769
773
772
774
772
769
774
781
777
780
785
786
782
788
792
796
796
796
793
789
788
788
793
790
794
793
794
789
794
792
787
790
786
785
791
791
792
793
799
797
796
796
800
801
802
804
805
807
808
808
813
811
807
806
811
815
813
813
813
812
816
815
814
818
816
814
813
812
811
812
813
810
807
808
806
808
802
802
800
800
803
804
803
804
805
807
809
811
810
809
813
820
819
818
817
816
811
811
812
815
811
816
814
817
814
812
812
812
811
811
809
809
809
806
809
813
813
813
811
811
811
811
812
807
801
803
801
805
807
810
811
806
808
805
805
807
808
813
811
811
806
807
806
805
802
804
807
808
810
805
804
797
792
793
794
798
796
793
796
795
793
793
792
792
791
784
782
782
782
780
779
779
779
782
782
784
783
785
784
788
791
792
795
798
798
795
790
793
798
801
804
805
808
811
805
804
802
801
799
800
803
798
796
796
796
801
792
785
785
784
784
783
787
784
784
779
780
778
777
779
780
779
776
779
778
778
783
784
780
785
785
786
786
786
783
782
778
782
779
779
778
776
776
778
780
779
777
773
776
775
773
774
778
778
774
773
774
773
773
775
774
774
773
772
774
770
770
772
772
768
775
780
777
779
782
779
780
779
777
778
777
776
774
769
769
767
767
762
763
763
762
758
757
760
761
760
761
763
765
763
763
759
758
762
763
761
760
757
760
758
760
762
762
761
763
763
764
765
765
765
762
759
758
762
768
766
764
761
762
761
762
763
762
763
763
761
759
758
759
758
761
760
764
766
767
766
766
770
770
778
778
780
785
788
789
779
783
788
787
786
787
784
784
783
784
790
787
787
790
789
786
787
787
788
787
788
784
784
790
789
788
786
789
787
785
788
792
790
784
783
782
787
790
790
791
794
792
790
789
787
786
790
797
790
792
791
795
797
801
800
796
803
798
798
803
802
802
805
809
809
810
811
809
809
808
811
803
805
804
804
807
806
807
818
821
822
825
818
820
818
818
820
820
816
814
815
817
821
817
816
813
812
811
811
815
817
817
820
821
819
818
813
814
814
810
817
815
811
815
818
810
808
811
810
808
806
807
806
807
808
809
810
811
810
807
807
806
810
810
813
811
819
819
817
817
818
818
815
814
814
814
814
816
816
816
815
815
818
820
821
819
816
816
820
817
816
814
813
820
824
827
831
836
832
828
833
840
840
838
842
841
841
845
846
851
853
854
856
858
855
856
854
852
850
850
847
848
845
844
840
838
840
839
835
838
839
835
833
832
828
830
830
830
831
833
828
830
833
830
827
829
829
829
827
824
822
830
835
830
829
829
833
826
829
830
830
827
830
828
826
821
816
812
809
810
804
805
810
816
817
814
814
809
812
811
810
810
809
804
806
806
804
806
807
800
803
801
800
798
799
799
797
800
798
795
791
794
794
794
789
789
788
787
776
771
769
771
774
774
779
779
783
783
784
783
781
781
777
779
777
779
786
788
790
789
787
788
788
786
790
792
795
793
788
793
787
789
787
784
790
792
791
789
788
789
792
793
795
797
795
795
796
796
800
801
805
802
801
804
807
808
797
798
806
809
808
811
813
812
813
814
814
812
808
811
815
818
814
813
811
813
813
819
818
817
815
816
818
810
806
806
807
808
808
806
805
802
805
808
804
804
802
798
793
786
790
793
794
792
794
792
794
793
791
789
790
786
787
787
785
782
783
787
787
787
786
793
792
790
793
794
795
794
794
796
795
798
795
794
795
796
796
795
