5
22
33
38
36
37
37
44
49
45
47
43
42
43
48
38
33
44
51
65
57
50
35
42
49
52
52
44
38
31
35
38
51
51
46
28
26
34
34
33
29
32
37
38
34
34
34
35
48
42
35
38
48
55
43
45
30
32
36
39
46
41
36
29
28
35
36
36
38
43
46
41
29
28
30
33
34
33
33
39
50
45
44
30
35
37
33
38
44
46
39
36
35
27
27
40
39
40
38
29
27
26
34
37
33
32
36
31
41
45
46
45
42
41
45
48
48
50
42
40
38
37
41
48
37
35
36
43
41
35
30
33
37
41
51
45
34
36
49
47
46
48
37
43
48
39
44
44
49
43
39
40
32
36
39
45
48
49
42
32
34
37
37
38
38
36
32
38
44
49
46
48
53
38
38
34
28
36
36
44
56
55
54
47
47
44
43
41
43
41
39
35
35
39
42
40
47
41
36
45
43
49
57
51
41
33
37
34
32
30
36
40
39
33
36
44
37
41
35
36
38
45
39
38
42
42
51
49
44
46
46
50
44
34
32
34
34
28
36
37
45
41
40
39
36
35
38
45
46
51
41
40
35
37
30
37
37
41
35
32
34
36
38
44
38
34
36
36
39
34
40
45
45
47
49
53
43
38
38
47
45
52
52
44
41
44
48
50
54
39
32
27
35
32
32
41
49
41
33
38
31
27
29
28
36
33
34
37
40
43
42
39
30
38
35
31
34
32
31
30
34
35
44
45
45
41
38
41
40
44
41
35
36
42
40
50
44
42
44
48
40
29
29
38
42
39
38
42
45
32
25
26
38
51
47
49
48
42
45
38
39
42
47
47
45
34
36
45
46
39
39
40
35
37
39
38
41
40
35
41
45
43
37
40
40
44
37
36
42
39
33
38
49
60
52
44
33
36
38
38
39
38
33
41
40
47
53
44
43
42
39
39
42
39
36
39
41
42
45
42
42
44
47
48
43
43
50
46
44
45
39
36
40
45
49
40
48
49
48
41
44
45
39
27
35
40
33
33
35
36
35
33
45
46
50
44
37
31
32
35
34
40
44
48
41
41
40
49
50
47
45
39
40
42
36
27
32
36
39
38
39
41
43
45
41
46
51
46
39
35
39
39
42
47
46
51
54
50
47
36
31
38
52
51
40
39
41
42
32
36
34
31
34
36
39
28
32
35
38
41
35
34
42
41
43
37
43
49
43
42
43
41
40
40
44
41
35
42
47
57
50
45
47
44
45
39
40
35
33
36
36
35
35
42
44
46
44
52
45
36
31
25
35
42
41
45
41
39
46
54
43
37
37
41
45
38
32
42
42
47
40
42
41
39
43
40
37
33
39
40
43
41
43
54
46
51
45
47
42
45
42
45
38
40
34
35
40
45
43
41
37
34
32
30
39
38
38
33
34
31
41
39
43
39
37
46
51
51
38
42
46
47
46
50
44
37
29
37
36
40
41
49
50
52
35
32
27
34
33
35
39
45
48
44
43
43
42
41
40
39
32
34
38
34
36
33
37
38
39
48
44
34
33
42
50
45
35
32
33
33
50
49
38
39
48
42
39
36
44
43
47
38
40
37
53
51
40
30
31
41
45
47
51
44
40
44
46
48
39
38
39
44
49
39
37
33
32
38
31
28
36
45
38
41
43
46
40
32
29
29
41
39
44
41
50
46
39
36
25
30
35
45
39
38
34
37
34
38
40
41
37
38
44
37
36
35
36
55
50
40
38
42
37
36
35
54
61
48
38
35
30
29
39
41
39
34
41
40
45
42
39
33
30
42
41
44
50
50
46
44
43
41
40
35
39
39
38
41
47
44
39
42
45
41
48
37
41
48
55
57
49
45
39
33
24
27
37
41
49
46
47
46
49
52
42
35
33
36
35
32
32
38
41
40
40
44
40
36
33
37
39
30
28
25
24
27
34
39
39
38
33
30
33
42
39
40
32
37
41
39
44
47
36
38
33
36
36
41
48
45
37
43
48
49
41
47
47
44
43
52
53
49
42
35
37
36
36
36
39
33
35
36
44
45
45
45
47
45
43
41
41
35
44
42
45
39
41
34
33
36
48
42
46
43
36
34
48
58
45
40
46
43
41
36
36
32
36
32
42
42
37
34
35
49
49
43
39
40
43
40
34
38
46
42
41
45
37
31
29
46
47
45
39
39
41
40
44
50
57
45
42
42
39
46
45
43
42
38
36
40
43
38
42
44
45
45
43
43
33
32
37
29
50
52
48
36
34
37
41
45
40
37
35
31
37
39
43
50
49
38
